Tran-style uncertainty evaluation for GPR
================================================================================
Data file: /home/wager/repos/PUBLICATION/wip/magnetic_uncertainty_diss/data/curie/DS1.csv
Label: TC
Representative seed for plots: 123
Evaluation seeds for reported metrics: [123, 124, 125, 126, 127, 128, 129, 130, 131, 132]
Representative fitted kernel (optimized): 0.882**2 * Matern(length_scale=3.9, nu=1.5) + WhiteKernel(noise_level=0.0738)

Per-seed metrics:
split  n_samples        MAE       RMSE      MDAE       R2     MACE    RMSCE  miscalibration_area  sharpness      NLL      CRPS  seed
train       1789  29.241424  47.182318 16.687004 0.971799 0.281179 0.315843             0.284020  97.114416 5.620570 30.670697   123
 test        768  96.577943 140.457003 61.150805 0.739587 0.099652 0.111171             0.100647 157.749426 6.317608 73.087447   123
train       1789  30.104101  49.294158 17.840920 0.969467 0.282214 0.317839             0.285064  99.726407 5.650577 31.555267   124
 test        768  96.057622 138.770756 63.665362 0.740570 0.099334 0.112246             0.100330 157.582240 6.334537 73.209419   124
train       1789  26.620385  43.467127 15.633237 0.975073 0.290408 0.327333             0.293341  92.911549 5.568066 28.744022   125
 test        768  98.934792 144.276948 62.783806 0.749218 0.089092 0.099994             0.089985 157.239289 6.323411 74.386302   125
train       1789  28.301842  46.220962 16.485931 0.972188 0.285193 0.321059             0.288074  95.753717 5.606523 30.046991   126
 test        768  98.683055 142.975632 63.242445 0.746428 0.099053 0.110695             0.100047 160.855688 6.336920 74.631874   126
train       1789  29.891132  48.159837 17.955452 0.970632 0.282588 0.318752             0.285442 100.138082 5.648537 31.413631   127
 test        768  93.313060 132.823058 60.456563 0.766726 0.107186 0.121490             0.108269 158.833122 6.235172 69.958360   127
train       1789  25.004005  40.932564 14.745333 0.978392 0.296585 0.334678             0.299580  90.334696 5.531795 27.562496   128
 test        768  93.835809 138.906192 58.828125 0.755830 0.110290 0.123076             0.111395 160.366556 6.309632 71.541931   128
train       1789  24.459614  39.885796 14.018570 0.979965 0.293046 0.328808             0.296006  87.100066 5.498765 26.724538   129
 test        768 101.365518 147.621515 68.422271 0.708187 0.081415 0.092648             0.082223 156.359530 6.375064 76.330023   129
train       1789  24.118298  39.855209 13.371818 0.979370 0.296456 0.334263             0.299451  87.116275 5.498159 26.713724   130
 test        768 102.725876 156.423137 58.986480 0.695229 0.100893 0.112162             0.101898 160.820551 6.410541 78.447155   130
train       1789  21.941774  35.691175 12.926029 0.983158 0.303488 0.341645             0.306554  83.101440 5.437781 24.847254   131
 test        768 100.671407 146.221617 61.285395 0.743540 0.087815 0.100289             0.088698 157.202078 6.389728 75.109389   131
train       1789  26.064546  42.512676 15.554165 0.976337 0.297300 0.335650             0.300303  94.733957 5.577948 28.771323   132
 test        768  93.853717 133.009792 58.687545 0.782830 0.112461 0.124321             0.113597 164.036310 6.236162 69.806889   132

Mean and standard deviation across seeds:
split  n_samples_mean  MAE_mean  MAE_std  RMSE_mean  RMSE_std  MDAE_mean  MDAE_std  R2_mean   R2_std  MACE_mean  MACE_std  RMSCE_mean  RMSCE_std  miscalibration_area_mean  miscalibration_area_std  sharpness_mean  sharpness_std  NLL_mean  NLL_std  CRPS_mean  CRPS_std
 test           768.0 97.601880 3.380452 142.148565  7.077245  61.750880  2.968068 0.742814 0.025552   0.098719  0.010064    0.110809   0.010586                  0.099709                 0.010168      159.104479       2.375506  6.326878 0.058182  73.650879  2.732185
train          1789.0 26.574712 2.753801  43.320182  4.356584  15.521846  1.758306 0.975638 0.004563   0.290846  0.007739    0.327587   0.008899                  0.293784                 0.007817       92.803061       5.752753  5.563872 0.071040  28.704994  2.241192

Metrics follow docs/uncertainty_evaluation.pdf:
- accuracy: MAE, RMSE, MDAE, R2
- calibration: MACE, RMSCE, miscalibration area
- sharpness: expected predictive std
- scoring rules: NLL, CRPS