Tran-style uncertainty evaluation for fixed-architecture BNN
================================================================================
Data file: /home/wager/repos/PUBLICATION/wip/mag_unc_final/data/curie/DS1.csv
Label: TC
Representative seed for plots: 123
Evaluation seeds for reported metrics: [123, 124, 125, 126, 127, 128, 129, 130, 131, 132]
Epochs: 1000
MC samples: 50

Per-seed metrics:
uncertainty_type split  n_samples        MAE       RMSE      MDAE       R2     MACE    RMSCE  miscalibration_area  sharpness       NLL      CRPS  seed
           total  test        768  92.527419 147.723016 47.238251 0.711947 0.029859 0.036031             0.030147 140.587006  7.502232 69.079031   123
       aleatoric  test        768  92.527419 147.723016 47.238251 0.711947 0.024491 0.037603             0.024597 135.465576  8.049091 69.250721   123
       epistemic  test        768  92.527419 147.723016 47.238251 0.711947 0.242005 0.271976             0.244450  37.600292 17.514693 78.796546   123
           total  test        768  92.084731 145.837274 48.009232 0.713476 0.032159 0.047050             0.032475 102.330559  7.908814 69.552947   124
       aleatoric  test        768  92.084731 145.837274 48.009232 0.713476 0.057982 0.070513             0.058567  95.743080  8.442518 70.141995   124
       epistemic  test        768  92.084731 145.837274 48.009232 0.713476 0.257005 0.289123             0.259601  36.122112 23.049438 78.850992   124
           total  test        768 103.744246 163.905043 56.837451 0.676342 0.036201 0.043785             0.036562 133.666992  7.891639 76.128227   125
       aleatoric  test        768 103.744246 163.905043 56.837451 0.676342 0.059459 0.066672             0.060047 129.792297  8.524081 76.636381   125
       epistemic  test        768 103.744246 163.905043 56.837451 0.676342 0.290156 0.331655             0.293087  31.950336 24.556532 91.159867   125
           total  test        768 102.161918 162.399352 53.099497 0.672851 0.057005 0.064720             0.057581 116.734108  7.027314 75.336779   126
       aleatoric  test        768 102.161918 162.399352 53.099497 0.672851 0.085938 0.096173             0.086806 111.569626  7.677967 76.038303   126
       epistemic  test        768 102.161918 162.399352 53.099497 0.672851 0.281797 0.322467             0.284643  34.337631 16.937933 88.910451   126
           total  test        768  90.710891 146.952576 46.818691 0.714456 0.015141 0.025560             0.015228 124.299965  7.023680 67.418072   127
       aleatoric  test        768  90.710891 146.952576 46.818691 0.714456 0.033766 0.042340             0.034095 118.325348  7.344838 67.711619   127
       epistemic  test        768  90.710891 146.952576 46.818691 0.714456 0.251823 0.285473             0.254367  38.073536 17.336844 77.242053   127
           total  test        768  87.239726 144.808495 43.707794 0.734639 0.032264 0.036874             0.032579 105.592598  6.471121 65.348804   128
       aleatoric  test        768  87.239726 144.808495 43.707794 0.734639 0.021744 0.032222             0.021903  98.477509  6.716198 65.537190   128
       epistemic  test        768  87.239726 144.808495 43.707794 0.734639 0.193906 0.219096             0.195865  38.104805 13.158955 73.814637   128
           total  test        768  94.997149 154.238909 47.301571 0.681438 0.054410 0.073925             0.054921 106.789566  9.277825 73.945712   129
       aleatoric  test        768  94.997149 154.238909 47.301571 0.681438 0.088456 0.107239             0.089344 100.253418 10.930684 74.719365   129
       epistemic  test        768  94.997149 154.238909 47.301571 0.681438 0.233359 0.265762             0.235717  36.786747 22.073648 82.228214   129
           total  test        768 108.500784 171.594929 55.791564 0.633241 0.056563 0.066025             0.057134 132.927414  8.492619 80.986136   130
       aleatoric  test        768 108.500784 171.594929 55.791564 0.633241 0.081315 0.092319             0.082136 128.690521  9.300652 81.609513   130
       epistemic  test        768 108.500784 171.594929 55.791564 0.633241 0.293490 0.337507             0.296454  33.293350 27.304384 95.560891   130
           total  test        768  98.666781 157.667178 52.501190 0.701819 0.038030 0.051643             0.038332 123.544998  7.424213 74.381015   131
       aleatoric  test        768  98.666781 157.667178 52.501190 0.701819 0.073053 0.086328             0.073782 118.553383  8.237279 75.029892   131
       epistemic  test        768  98.666781 157.667178 52.501190 0.701819 0.250091 0.284607             0.252617  34.762917 17.107045 85.193868   131
           total  test        768  98.620418 152.986765 57.834644 0.712697 0.035973 0.042624             0.036310 141.140350  6.259375 70.253838   132
       aleatoric  test        768  98.620418 152.986765 57.834644 0.712697 0.020055 0.025333             0.020194 136.751007  6.319814 70.266518   132
       epistemic  test        768  98.620418 152.986765 57.834644 0.712697 0.266615 0.301782             0.269308  34.925079 15.682391 84.775207   132

Mean and standard deviation across seeds:
uncertainty_type  n_samples_mean  MAE_mean  MAE_std  RMSE_mean  RMSE_std  MDAE_mean  MDAE_std  R2_mean  R2_std  MACE_mean  MACE_std  RMSCE_mean  RMSCE_std  miscalibration_area_mean  miscalibration_area_std  sharpness_mean  sharpness_std  NLL_mean  NLL_std  CRPS_mean  CRPS_std
       aleatoric           768.0 96.925406  6.60587 154.811354  8.983751  50.913989  4.918991 0.695291 0.02939   0.054626  0.027550    0.065674   0.029623                  0.055147                 0.027862      117.362177      15.416892  8.154312 1.315539  72.694150  4.899855
       epistemic           768.0 96.925406  6.60587 154.811354  8.983751  50.913989  4.918991 0.695291 0.02939   0.256025  0.029754    0.290945   0.035223                  0.258611                 0.030055       35.595681       2.094035 19.472186 4.489314  83.653272  6.798639
           total           768.0 96.925406  6.60587 154.811354  8.983751  50.913989  4.918991 0.695291 0.02939   0.038761  0.013468    0.048824   0.015280                  0.039127                 0.013615      122.761356      14.469945  7.527883 0.913631  72.243056  4.721028

Metrics follow docs/uncertainty_evaluation.pdf:
- accuracy: MAE, RMSE, MDAE, R2
- calibration: MACE, RMSCE, miscalibration area
- sharpness: expected predictive std
- scoring rules: NLL, CRPS
- uncertainty types are evaluated separately: total, aleatoric, epistemic